24.12
25.505
24.42
24.985
24.745
24.635
26.835
28.895
28.995
29.255
29.78
29.655
29.6
29.735
29.545
29.585
29.905
29.145
30.045
30.15
29.97
29.635
29.46
30.01
30.01
29.445
29.49
30.17
30.125
30.15
30.195
30.185
30.18
30.15
30.115
30.08
30.065
30.08
30.105
30.095
30.095
30.085
30.095
30.1
30.12
30.115
30.095
30.085
30.085
30.075
30.07
30.08
30.055
30.06
30.095
30.115
30.065
30.06
30.075
30.085
30.085
30.095
30.09
30.085
30.09
30.095
30.08
30.095
30.135
30.12
30.1
30.115
30.13
30.12
30.15
30.2
30.18
30.2
30.2
30.21
30.23
30.23
30.25
30.28
30.315
30.31
30.32
30.325
30.26
30.26
30.21
30.205
30.22
30.215
30.215
30.235
30.265
30.285
30.32
30.335
