4.90454e-044
4.90454e-044
4.90454e-044
4.90454e-044
4.90454e-044
4.90454e-044
4.90454e-044
4.90454e-044
4.90454e-044
4.90454e-044
4.90454e-044
4.90454e-044
4.90454e-044
4.90454e-044
4.2039e-044
4.2039e-044
4.2039e-044
4.2039e-044
4.2039e-044
4.2039e-044
4.2039e-044
4.2039e-044
4.2039e-044
4.2039e-044
4.2039e-044
4.2039e-044
4.2039e-044
4.2039e-044
4.2039e-044
4.2039e-044
4.2039e-044
4.2039e-044
4.2039e-044
4.2039e-044
4.2039e-044
4.2039e-044
4.2039e-044
4.2039e-044
4.2039e-044
4.2039e-044
4.2039e-044
4.2039e-044
4.2039e-044
4.2039e-044
4.2039e-044
4.2039e-044
4.2039e-044
4.2039e-044
4.2039e-044
4.2039e-044
4.2039e-044
4.2039e-044
4.2039e-044
4.2039e-044
4.2039e-044
4.2039e-044
4.2039e-044
4.2039e-044
4.2039e-044
4.2039e-044
4.2039e-044
4.2039e-044
4.2039e-044
4.2039e-044
4.2039e-044
4.2039e-044
4.2039e-044
4.2039e-044
4.2039e-044
4.2039e-044
4.2039e-044
4.2039e-044
4.2039e-044
4.2039e-044
4.2039e-044
4.2039e-044
4.2039e-044
4.2039e-044
4.2039e-044
4.2039e-044
4.2039e-044
4.2039e-044
4.2039e-044
4.2039e-044
4.2039e-044
4.2039e-044
4.2039e-044
4.2039e-044
4.2039e-044
4.2039e-044
4.2039e-044
4.2039e-044
4.2039e-044
4.2039e-044
4.2039e-044
4.2039e-044
4.2039e-044
4.2039e-044
4.2039e-044
4.2039e-044
