1.4013e-044
1.68156e-044
2.38221e-044
2.38221e-044
2.38221e-044
2.38221e-044
2.52234e-044
2.38221e-044
2.52234e-044
2.52234e-044
2.66247e-044
2.66247e-044
2.66247e-044
2.66247e-044
2.66247e-044
2.66247e-044
3.22299e-044
3.22299e-044
3.22299e-044
3.22299e-044
3.22299e-044
3.22299e-044
3.22299e-044
3.50325e-044
3.22299e-044
3.22299e-044
3.22299e-044
4.2039e-044
4.2039e-044
4.2039e-044
4.2039e-044
4.2039e-044
4.2039e-044
4.2039e-044
4.2039e-044
4.2039e-044
4.2039e-044
4.2039e-044
4.2039e-044
4.2039e-044
4.2039e-044
4.2039e-044
4.2039e-044
4.2039e-044
4.2039e-044
4.2039e-044
4.2039e-044
4.2039e-044
4.2039e-044
4.2039e-044
4.2039e-044
4.2039e-044
4.2039e-044
4.2039e-044
4.2039e-044
4.2039e-044
4.2039e-044
4.2039e-044
4.2039e-044
4.2039e-044
4.2039e-044
4.2039e-044
4.2039e-044
4.2039e-044
4.2039e-044
4.2039e-044
4.2039e-044
4.2039e-044
4.2039e-044
4.2039e-044
4.2039e-044
4.2039e-044
4.2039e-044
4.2039e-044
4.2039e-044
4.2039e-044
4.2039e-044
4.2039e-044
4.2039e-044
4.2039e-044
4.2039e-044
4.2039e-044
4.2039e-044
4.2039e-044
4.2039e-044
4.2039e-044
4.2039e-044
4.2039e-044
4.2039e-044
4.2039e-044
4.2039e-044
4.2039e-044
4.2039e-044
4.2039e-044
4.2039e-044
4.2039e-044
4.2039e-044
4.2039e-044
4.2039e-044
4.2039e-044
