P
219
14
143
198
153
239
36
192
218
162
148
140
119
208
17
214
121
204
9
73
172
57
203
150
232
239
102
24
219
250
55
108
56
219
58
225
1
237
230
183
107
154
43
223
4
178
108
239
146
155
7
90
227
57
181
144
126
35
233
72
104
163
238
221
121
16
234
52
235
236
65
0
12
0
0
0
172
248
40
0
0
2
0
0
142
135
69
0
192
22
121
0
2
0
0
0
P
219
14
143
198
153
239
36
192
218
162
148
140
119
208
17
214
121
204
9
73
172
57
203
150
232
239
102
24
219
250
55
108
56
219
58
225
1
237
230
183
107
154
43
223
4
178
108
239
146
155
7
90
227
57
181
144
126
35
233
72
104
163
238
221
121
16
234
52
235
236
65
0
1
0
0
0
252
247
40
0
13
0
0
0
142
135
69
0
192
22
121
0
71
1
0
0
P
225
26
204
177
166
86
222
111
201
65
239
92
213
131
110
64
129
254
213
2
85
54
9
102
110
209
226
57
24
23
202
92
182
12
225
125
164
155
48
133
142
225
191
235
109
6
163
146
26
204
97
77
55
49
151
178
23
97
236
113
117
225
126
231
132
27
222
207
36
232
65
0
1
0
0
0
252
247
40
0
13
0
0
0
142
135
69
0
192
22
121
0
72
1
0
0
P
161
101
43
66
41
249
147
157
207
137
106
98
25
126
193
155
232
108
250
176
47
202
8
229
122
151
44
0
34
49
248
12
240
141
47
150
154
64
73
81
94
96
84
104
139
65
84
147
227
23
96
31
18
252
183
245
23
70
132
106
144
45
170
140
153
201
181
58
88
168
65
0
1
0
0
0
252
247
40
0
13
0
0
0
142
135
69
0
192
22
121
0
68
1
0
0
P
169
19
158
252
29
138
12
94
20
40
91
234
14
138
145
190
139
22
26
7
241
140
22
103
119
156
192
32
71
202
61
119
203
224
216
51
211
193
44
158
152
66
142
228
181
116
208
193
171
126
191
203
10
111
63
100
170
234
59
37
120
19
245
53
244
86
67
187
9
214
65
0
1
0
0
0
252
247
40
0
13
0
0
0
142
135
69
0
192
22
121
0
64
1
0
0
P
159
95
19
93
211
31
232
37
151
38
238
32
125
19
124
228
155
63
247
173
207
59
241
72
234
161
57
179
111
167
177
228
216
21
15
237
168
119
184
159
27
73
114
217
202
220
164
142
169
60
198
70
138
99
79
35
170
164
39
3
167
175
26
237
164
92
134
25
96
68
65
0
1
0
0
0
252
247
40
0
13
0
0
0
142
135
69
0
192
22
121
0
67
1
0
0
P
74
5
175
112
68
66
95
108
222
43
206
61
70
63
31
204
142
16
3
30
163
53
100
36
223
218
196
112
116
86
36
218
37
78
0
70
117
118
199
152
83
100
83
167
223
131
179
158
218
44
231
149
208
85
98
248
24
3
78
98
187
200
16
3
82
150
243
90
244
168
65
0
1
0
0
0
252
247
40
0
13
0
0
0
142
135
69
0
192
22
121
0
67
1
0
0
P
225
26
204
177
166
86
222
111
201
65
239
92
213
131
110
64
129
254
213
2
85
54
9
102
110
209
226
57
24
23
202
92
182
12
225
125
164
155
48
133
142
225
191
235
109
6
163
146
26
204
97
77
55
49
151
178
212
70
132
106
144
45
170
140
153
201
181
58
88
168
65
0
1
0
0
0
252
247
40
0
13
0
0
0
142
135
69
0
192
22
121
0
57
1
0
0
P
112
23
92
89
220
131
80
123
16
115
155
194
88
246
204
8
90
228
91
51
174
70
240
182
132
194
63
200
250
94
201
109
40
66
162
3
244
231
252
95
213
200
157
69
130
133
15
40
45
18
20
151
227
225
195
61
147
165
89
197
105
138
134
174
150
63
205
79
51
65
65
0
1
0
0
0
252
247
40
0
13
0
0
0
142
135
69
0
192
22
121
0
68
1
0
0
P
145
190
4
98
190
8
0
17
221
240
37
251
40
168
132
212
146
249
151
97
124
242
95
231
115
1
150
104
33
237
79
25
101
94
12
233
82
179
37
28
119
245
150
175
51
176
8
162
3
217
153
201
121
50
87
210
222
62
95
156
33
188
142
131
150
24
229
192
54
153
65
0
1
0
0
0
252
247
40
0
13
0
0
0
142
135
69
0
192
22
121
0
65
1
0
0
P
205
191
61
114
18
202
151
81
132
206
102
15
164
222
122
209
248
183
107
179
86
187
36
108
229
179
193
6
163
163
29
148
194
97
13
55
57
217
58
108
81
146
156
120
11
98
102
225
55
243
132
73
120
135
123
35
178
1
185
14
131
62
176
91
121
16
234
52
235
236
65
0
1
0
0
0
252
247
40
0
13
0
0
0
142
135
69
0
192
22
121
0
62
1
0
0
P
219
14
143
198
153
239
36
192
218
162
148
140
119
208
17
214
121
204
9
73
172
57
203
150
232
239
102
24
219
250
55
108
56
219
58
225
1
237
230
183
107
154
43
223
4
178
108
239
146
155
7
90
227
57
181
144
126
35
233
72
104
163
238
221
121
72
74
245
24
204
65
0
1
0
0
0
252
247
40
0
13
0
0
0
142
135
69
0
192
22
121
0
69
1
0
0
P
173
223
235
68
105
57
230
193
156
68
222
97
159
183
74
62
222
191
112
79
224
90
250
244
33
252
132
170
12
129
104
228
252
242
111
82
0
26
176
146
196
249
178
32
244
149
167
108
231
44
213
121
225
189
120
246
89
156
196
28
112
75
71
207
21
95
197
209
135
83
65
0
1
0
0
0
252
247
40
0
13
0
0
0
142
135
69
0
192
22
121
0
71
1
0
0
P
159
95
19
93
211
31
232
37
151
38
238
32
125
19
124
228
155
63
247
173
207
59
241
72
234
161
57
179
111
167
177
228
216
21
15
237
168
119
184
159
27
73
114
217
202
220
164
142
169
60
198
70
138
99
79
35
170
234
59
37
120
19
245
53
244
86
67
187
9
214
65
0
1
0
0
0
252
247
40
0
13
0
0
0
142
135
69
0
192
22
121
0
73
1
0
0
P
159
95
19
93
211
31
232
37
151
38
238
32
125
19
124
228
155
63
247
173
207
59
241
72
234
161
57
179
111
167
177
228
216
21
15
237
168
119
184
159
27
73
114
217
202
220
164
142
169
60
198
70
138
99
79
35
170
234
59
37
120
19
245
53
222
117
75
144
234
35
65
0
1
0
0
0
252
247
40
0
13
0
0
0
142
135
69
0
192
22
121
0
67
1
0
0
P
149
10
106
252
185
184
153
33
7
42
40
130
144
114
167
191
188
246
116
232
178
225
233
36
151
72
243
202
55
123
203
145
31
6
102
0
210
103
121
170
147
126
40
146
114
186
161
140
17
137
76
10
95
134
213
68
178
125
52
2
245
175
112
141
222
86
67
187
9
214
65
0
1
0
0
0
252
247
40
0
13
0
0
0
142
135
69
0
192
22
121
0
69
1
0
0
P
169
19
158
252
29
138
12
94
20
40
91
234
14
138
145
190
139
22
26
7
241
140
22
103
119
156
192
32
71
202
61
119
203
224
216
51
211
193
44
158
152
66
142
228
181
116
208
193
171
126
191
203
10
111
63
100
57
164
39
3
167
175
26
237
164
92
134
25
96
68
65
0
1
0
0
0
252
247
40
0
13
0
0
0
142
135
69
0
192
22
121
0
69
1
0
0
P
159
95
19
93
211
31
232
37
151
38
238
32
125
19
124
228
155
63
247
173
207
59
241
72
234
161
57
179
111
167
177
228
216
21
15
237
168
119
184
159
27
73
114
217
202
220
164
142
169
60
198
70
138
99
79
35
170
234
59
37
120
19
245
53
244
86
67
187
9
214
65
0
1
0
0
0
252
247
40
0
13
0
0
0
142
135
69
0
192
22
121
0
66
1
0
0
P
205
191
61
114
18
202
151
81
132
206
102
15
164
222
122
209
248
183
107
179
86
187
36
108
229
179
193
6
163
163
29
148
194
97
13
55
57
217
58
108
81
146
156
120
11
98
102
225
55
243
132
73
120
135
123
35
24
3
78
98
187
200
16
3
210
150
243
90
244
168
65
0
1
0
0
0
252
247
40
0
13
0
0
0
142
135
69
0
192
22
121
0
67
1
0
0
P
74
5
175
112
68
66
95
108
222
43
206
61
70
63
31
204
142
16
3
30
163
53
100
36
223
218
196
112
116
86
36
218
37
78
0
70
117
118
199
152
83
100
83
167
223
131
179
158
218
44
231
149
208
85
98
248
24
1
185
14
131
62
176
91
83
72
74
245
24
204
65
0
1
0
0
0
252
247
40
0
13
0
0
0
142
135
69
0
192
22
121
0
67
1
0
0
P
175
77
59
167
111
42
228
213
60
192
150
151
195
61
121
176
86
159
122
83
150
1
132
220
105
26
6
4
216
94
29
165
229
228
139
69
242
231
44
110
201
22
23
31
218
20
185
78
67
196
124
76
186
207
70
130
223
125
121
84
167
83
180
174
72
138
110
244
106
212
65
0
1
0
0
0
252
247
40
0
13
0
0
0
142
135
69
0
192
22
121
0
57
1
0
0
P
159
95
19
93
211
31
232
37
151
38
238
32
125
19
124
228
155
63
247
173
207
59
241
72
234
161
57
179
111
167
177
228
216
21
15
237
168
119
184
159
27
73
114
217
202
220
164
142
169
60
198
70
138
99
79
35
170
234
59
37
120
19
245
53
244
86
67
187
9
214
65
0
1
0
0
0
252
247
40
0
13
0
0
0
142
135
69
0
192
22
121
0
67
1
0
0
P
219
14
143
198
153
239
36
192
218
162
148
140
119
208
17
214
121
204
9
73
172
57
203
150
232
239
102
24
219
250
55
108
56
219
58
225
1
237
230
183
107
154
43
223
4
178
108
239
146
155
7
90
227
57
181
144
188
161
121
90
60
13
245
34
57
248
237
84
93
39
65
0
1
0
0
0
252
247
40
0
13
0
0
0
142
135
69
0
192
22
121
0
67
1
0
0
P
223
96
175
1
111
226
95
122
133
101
186
50
22
199
38
69
51
216
108
101
88
56
182
192
192
44
23
174
107
85
129
37
215
97
52
183
14
169
127
36
136
215
103
57
32
110
254
136
232
245
20
68
76
143
246
168
172
35
233
72
104
163
238
221
121
16
234
52
235
236
65
0
1
0
0
0
252
247
40
0
13
0
0
0
142
135
69
0
192
22
121
0
68
1
0
0
P
105
129
58
164
40
151
200
40
32
238
54
254
87
211
186
231
25
6
242
58
16
185
98
182
221
32
5
28
109
183
74
132
114
48
145
74
188
45
236
129
106
143
210
192
21
48
126
65
130
40
38
28
126
147
199
39
84
101
177
176
167
67
143
169
164
92
134
25
96
68
65
0
1
0
0
0
252
247
40
0
13
0
0
0
142
135
69
0
192
22
121
0
68
1
0
0
P
169
19
158
252
29
138
12
94
20
40
91
234
14
138
145
190
139
22
26
7
241
140
22
103
119
156
192
32
71
202
61
119
203
224
216
51
211
193
44
158
152
66
142
228
181
116
208
193
171
126
191
203
10
111
63
100
59
164
39
3
167
175
26
237
165
248
21
115
46
117
65
0
1
0
0
0
252
247
40
0
13
0
0
0
142
135
69
0
192
22
121
0
63
1
0
0
P
159
95
19
93
211
31
232
37
151
38
238
32
125
19
124
228
155
63
247
173
207
59
241
72
234
161
57
179
111
167
177
228
216
21
15
237
168
119
184
159
27
73
114
217
202
220
164
142
169
60
198
70
138
99
79
35
138
234
59
37
120
19
245
53
244
86
67
187
9
214
65
0
1
0
0
0
252
247
40
0
13
0
0
0
142
135
69
0
192
22
121
0
68
1
0
0
P
82
52
45
56
136
254
111
201
125
144
183
152
89
120
122
140
186
169
64
45
131
213
37
83
209
90
28
66
78
178
51
39
186
0
114
188
12
40
53
43
235
136
251
208
104
76
28
2
56
219
92
13
209
251
205
245
192
142
254
53
113
251
209
129
109
227
142
227
45
97
65
0
1
0
0
0
252
247
40
0
13
0
0
0
142
135
69
0
192
22
121
0
67
1
0
0
P
74
5
175
112
68
66
95
108
222
43
206
61
70
63
31
204
142
16
3
30
163
53
100
36
223
218
196
112
116
86
36
218
37
78
0
70
117
118
199
152
83
100
83
167
223
131
179
158
218
44
231
149
208
85
98
248
24
3
78
98
187
200
16
3
210
150
243
90
244
168
65
0
1
0
0
0
252
247
40
0
13
0
0
0
142
135
69
0
192
22
121
0
65
1
0
0
P
74
5
175
112
68
66
95
108
222
43
206
61
70
63
31
204
142
16
3
30
163
53
100
36
223
218
196
112
116
86
36
218
37
78
0
70
117
118
199
152
83
100
83
167
223
131
179
158
218
44
231
149
208
85
98
248
88
3
78
98
187
200
16
3
210
150
243
90
244
168
65
0
1
0
0
0
252
247
40
0
13
0
0
0
142
135
69
0
192
22
121
0
58
1
0
0
P
215
235
117
57
1
13
165
174
195
71
63
35
82
172
78
232
46
33
41
171
102
119
169
180
110
169
14
131
217
142
103
212
211
180
165
89
26
58
16
142
114
212
196
23
181
229
144
136
6
187
175
105
70
237
83
127
131
54
109
240
145
249
202
58
249
177
149
52
242
63
65
0
1
0
0
0
252
247
40
0
13
0
0
0
142
135
69
0
192
22
121
0
58
1
0
0
P
157
40
24
213
248
50
210
34
149
113
217
145
46
23
208
94
235
185
231
95
87
237
29
153
27
63
238
125
103
93
212
74
86
51
148
215
151
190
201
214
76
207
51
63
195
154
144
116
21
57
52
239
76
249
21
89
147
111
122
21
232
60
110
198
90
206
127
34
61
179
65
0
1
0
0
0
252
247
40
0
13
0
0
0
142
135
69
0
192
22
121
0
70
1
0
0
P
175
77
59
167
111
42
228
213
60
192
150
151
195
61
121
176
86
159
122
83
150
1
132
220
105
26
6
4
216
94
29
165
229
228
139
69
242
231
44
110
201
22
23
31
218
20
185
78
67
196
124
76
186
207
70
130
223
125
121
84
167
83
180
174
185
177
149
52
242
63
65
0
1
0
0
0
252
247
40
0
13
0
0
0
142
135
69
0
192
22
121
0
66
1
0
0
P
157
40
24
213
248
50
210
34
149
113
217
145
46
23
208
94
235
185
231
95
87
237
29
153
27
63
238
125
103
93
212
74
86
51
148
215
151
190
201
214
76
207
51
63
195
154
144
116
21
57
52
239
76
249
21
89
147
54
109
240
145
249
202
58
249
138
110
244
106
212
65
0
1
0
0
0
252
247
40
0
13
0
0
0
142
135
69
0
192
22
121
0
66
1
0
0
P
219
14
143
198
153
239
36
192
218
162
148
140
119
208
17
214
121
204
9
73
172
57
203
150
232
239
102
24
219
250
55
108
56
219
58
225
1
237
230
183
107
154
43
223
4
178
108
239
146
155
7
90
227
57
181
144
126
35
233
72
104
163
238
221
121
16
234
52
235
236
65
0
1
0
0
0
252
247
40
0
13
0
0
0
142
135
69
0
192
22
121
0
69
1
0
0
P
161
101
43
66
41
249
147
157
207
137
106
98
25
126
193
155
232
108
250
176
47
202
8
229
122
151
44
0
34
49
248
12
240
141
47
150
154
64
73
81
94
96
84
104
139
65
84
147
227
23
96
31
18
252
183
245
23
97
236
113
117
225
126
231
132
27
222
207
36
232
65
0
1
0
0
0
252
247
40
0
13
0
0
0
142
135
69
0
192
22
121
0
72
1
0
0
P
205
191
61
114
18
202
151
81
132
206
102
15
164
222
122
209
248
183
107
179
86
187
36
108
229
179
193
6
163
163
29
148
194
97
13
55
57
217
58
108
81
146
156
120
11
98
102
225
55
243
132
73
120
135
123
35
178
1
185
14
131
62
176
91
91
72
74
245
24
204
65
0
1
0
0
0
252
247
40
0
13
0
0
0
142
135
69
0
192
22
121
0
65
1
0
0
P
157
40
24
213
248
50
210
34
149
113
217
145
46
23
208
94
235
185
231
95
87
237
29
153
27
63
238
125
103
93
212
74
86
51
148
215
151
190
201
214
76
207
51
63
195
154
144
116
21
57
52
239
76
249
21
89
147
54
109
240
145
249
202
58
249
177
149
52
242
63
65
0
1
0
0
0
252
247
40
0
13
0
0
0
142
135
69
0
192
22
121
0
67
1
0
0
P
74
5
175
112
68
66
95
108
222
43
206
61
70
63
31
204
142
16
3
30
163
53
100
36
223
218
196
112
116
86
36
218
37
78
0
70
117
118
199
152
83
100
83
167
223
131
179
158
218
44
231
149
208
85
98
248
170
234
59
37
120
19
245
53
244
86
67
187
9
214
65
0
1
0
0
0
252
247
40
0
13
0
0
0
142
135
69
0
192
22
121
0
67
1
0
0
P
159
95
19
93
211
31
232
37
151
38
238
32
125
19
124
228
155
63
247
173
207
59
241
72
234
161
57
179
111
167
177
228
216
21
15
237
168
119
184
159
27
73
114
217
202
220
164
142
169
60
198
70
138
99
79
35
170
3
78
98
187
200
16
3
210
150
243
90
244
168
65
0
1
0
0
0
252
247
40
0
13
0
0
0
142
135
69
0
192
22
121
0
59
1
0
0
P
82
52
45
56
136
254
111
201
125
144
183
152
89
120
122
140
186
169
64
45
131
213
37
83
209
90
28
66
78
178
51
39
186
0
114
188
12
40
53
43
235
136
251
208
104
76
28
2
56
219
92
13
209
251
205
245
192
142
254
53
113
251
209
129
150
63
205
79
51
65
65
0
1
0
0
0
252
247
40
0
13
0
0
0
142
135
69
0
192
22
121
0
67
1
0
0
P
145
190
4
98
190
8
0
17
221
240
37
251
40
168
132
212
146
249
151
97
124
242
95
231
115
1
150
104
33
237
79
25
101
94
12
233
82
179
37
28
119
245
150
175
51
176
8
162
3
217
153
201
121
50
87
210
222
62
95
156
33
188
142
131
150
227
142
227
45
97
65
0
1
0
0
0
252
247
40
0
13
0
0
0
142
135
69
0
192
22
121
0
63
1
0
0
P
145
190
4
98
190
8
0
17
221
240
37
251
40
168
132
212
146
249
151
97
124
242
95
231
115
1
150
104
33
237
79
25
101
94
12
233
82
179
37
28
119
245
150
175
51
176
8
162
3
217
153
201
121
50
87
210
222
62
95
156
33
188
142
131
150
63
205
79
51
65
65
0
1
0
0
0
252
247
40
0
13
0
0
0
142
135
69
0
192
22
121
0
62
1
0
0
P
159
95
19
93
211
31
232
37
151
38
238
32
125
19
124
228
155
63
247
173
207
59
241
72
234
161
57
179
111
167
177
228
216
21
15
237
168
119
184
159
27
73
114
217
202
220
164
142
169
60
198
70
138
99
79
35
170
234
59
37
120
19
245
53
244
86
67
187
9
214
65
0
1
0
0
0
252
247
40
0
13
0
0
0
142
135
69
0
192
22
121
0
60
1
0
0
P
149
10
106
252
185
184
153
33
7
42
40
130
144
114
167
191
188
246
116
232
178
225
233
36
151
72
243
202
55
123
203
145
31
6
102
0
210
103
121
170
147
126
40
146
114
186
161
140
17
137
76
10
95
134
213
68
147
54
109
240
145
249
202
58
249
177
149
52
242
63
65
0
1
0
0
0
252
247
40
0
13
0
0
0
142
135
69
0
192
22
121
0
67
1
0
0
P
157
40
24
213
248
50
210
34
149
113
217
145
46
23
208
94
235
185
231
95
87
237
29
153
27
63
238
125
103
93
212
74
86
51
148
215
151
190
201
214
76
207
51
63
195
154
144
116
21
57
52
239
76
249
21
89
147
125
52
2
245
175
112
141
222
117
75
144
234
35
65
0
1
0
0
0
252
247
40
0
13
0
0
0
142
135
69
0
192
22
121
0
72
1
0
0
P
215
235
117
57
1
13
165
174
195
71
63
35
82
172
78
232
46
33
41
171
102
119
169
180
110
169
14
131
217
142
103
212
211
180
165
89
26
58
16
142
114
212
196
23
181
229
144
136
6
187
175
105
70
237
83
127
221
111
122
21
232
60
110
198
90
206
127
34
61
179
65
0
1
0
0
0
252
247
40
0
13
0
0
0
142
135
69
0
192
22
121
0
66
1
0
0
P
169
19
158
252
29
138
12
94
20
40
91
234
14
138
145
190
139
22
26
7
241
140
22
103
119
156
192
32
71
202
61
119
203
224
216
51
211
193
44
158
152
66
142
228
181
116
208
193
171
126
191
203
10
111
63
100
59
164
39
3
167
175
26
237
164
92
134
25
96
68
65
0
1
0
0
0
252
247
40
0
13
0
0
0
142
135
69
0
192
22
121
0
69
1
0
0
P
157
40
24
213
248
50
210
34
149
113
217
145
46
23
208
94
235
185
231
95
87
237
29
153
27
63
238
125
103
93
212
74
86
51
148
215
151
190
201
214
76
207
51
63
195
154
144
116
21
57
52
239
76
249
21
89
147
54
109
240
145
249
202
58
249
177
149
52
242
63
65
0
1
0
0
0
252
247
40
0
13
0
0
0
142
135
69
0
192
22
121
0
66
1
0
0
P
82
52
45
56
136
254
111
201
125
144
183
152
89
120
122
140
186
169
64
45
131
213
37
83
209
90
28
66
78
178
51
39
186
0
114
188
12
40
53
43
235
136
251
208
104
76
28
2
56
219
92
13
209
251
205
245
192
142
254
53
113
251
209
129
109
227
142
227
45
97
65
0
1
0
0
0
252
247
40
0
13
0
0
0
142
135
69
0
192
22
121
0
67
1
0
0
P
175
77
59
167
111
42
228
213
60
192
150
151
195
61
121
176
86
159
122
83
150
1
132
220
105
26
6
4
216
94
29
165
229
228
139
69
242
231
44
110
201
22
23
31
218
20
185
78
67
196
124
76
186
207
70
130
104
187
18
119
99
135
251
103
176
189
129
214
155
71
65
0
1
0
0
0
252
247
40
0
13
0
0
0
142
135
69
0
192
22
121
0
65
1
0
0
P
141
148
63
43
95
248
235
93
208
237
129
218
215
56
243
181
45
153
135
215
38
8
163
98
52
15
85
99
54
32
222
7
148
141
100
94
223
131
131
232
223
175
113
131
192
244
242
210
108
206
193
238
31
202
45
193
72
125
121
84
167
83
180
174
72
138
110
244
106
212
65
0
1
0
0
0
252
247
40
0
13
0
0
0
142
135
69
0
192
22
121
0
67
1
0
0
P
145
190
4
98
190
8
0
17
221
240
37
251
40
168
132
212
146
249
151
97
124
242
95
231
115
1
150
104
33
237
79
25
101
94
12
233
82
179
37
28
119
245
150
175
51
176
8
162
3
217
153
201
121
50
87
210
23
97
236
113
117
225
126
231
132
27
222
207
36
232
65
0
1
0
0
0
252
247
40
0
13
0
0
0
142
135
69
0
192
22
121
0
71
1
0
0
P
161
101
43
66
41
249
147
157
207
137
106
98
25
126
193
155
232
108
250
176
47
202
8
229
122
151
44
0
34
49
248
12
240
141
47
150
154
64
73
81
94
96
84
104
139
65
84
147
227
23
96
31
18
252
183
245
23
62
95
156
33
188
142
131
150
63
205
79
51
65
65
0
1
0
0
0
252
247
40
0
13
0
0
0
142
135
69
0
192
22
121
0
63
1
0
0
P
159
95
19
93
211
31
232
37
151
38
238
32
125
19
124
228
155
63
247
173
207
59
241
72
234
161
57
179
111
167
177
228
216
21
15
237
168
119
184
159
27
73
114
217
202
220
164
142
169
60
198
70
138
99
79
35
170
234
59
37
120
19
245
53
244
86
67
187
9
214
65
0
1
0
0
0
252
247
40
0
13
0
0
0
142
135
69
0
192
22
121
0
61
1
0
0
P
159
95
19
93
211
31
232
37
151
38
238
32
125
19
124
228
155
63
247
173
207
59
241
72
234
161
57
179
111
167
177
228
216
21
15
237
168
119
184
159
27
73
114
217
202
220
164
142
169
60
198
70
138
99
79
35
170
234
59
37
120
19
245
53
244
86
67
187
9
214
65
0
1
0
0
0
252
247
40
0
13
0
0
0
142
135
69
0
192
22
121
0
67
1
0
0
P
82
52
45
56
136
254
111
201
125
144
183
152
89
120
122
140
186
169
64
45
131
213
37
83
209
90
28
66
78
178
51
39
186
0
114
188
12
40
53
43
235
136
251
208
104
76
28
2
56
219
92
13
209
251
205
245
192
142
254
53
113
251
209
129
109
227
142
227
45
97
65
0
1
0
0
0
252
247
40
0
13
0
0
0
142
135
69
0
192
22
121
0
67
1
0
0
P
225
26
204
177
166
86
222
111
201
65
239
92
213
131
110
64
129
254
213
2
85
54
9
102
110
209
226
57
24
23
202
92
182
12
225
125
164
155
48
133
142
225
191
235
109
6
163
146
26
204
97
77
55
49
151
178
212
70
132
106
144
45
170
140
153
201
181
58
88
168
65
0
1
0
0
0
252
247
40
0
13
0
0
0
142
135
69
0
192
22
121
0
65
1
0
0
P
105
129
58
164
40
151
200
40
32
238
54
254
87
211
186
231
25
6
242
58
16
185
98
182
221
32
5
28
109
183
74
132
114
48
145
74
188
45
236
129
106
143
210
192
21
48
126
65
130
40
38
28
126
147
199
39
84
101
177
176
167
67
143
169
142
248
21
115
46
117
65
0
1
0
0
0
252
247
40
0
13
0
0
0
142
135
69
0
192
22
121
0
68
1
0
0
P
219
14
143
198
153
239
36
192
218
162
148
140
119
208
17
214
121
204
9
73
172
57
203
150
232
239
102
24
219
250
55
108
56
219
58
225
1
237
230
183
107
154
43
223
4
178
108
239
146
155
7
90
227
57
181
144
126
35
233
72
104
163
238
221
121
16
234
52
235
236
65
0
1
0
0
0
252
247
40
0
13
0
0
0
142
135
69
0
192
22
121
0
65
1
0
0
P
64
151
50
124
21
212
241
221
1
5
16
207
200
114
38
91
110
243
98
41
195
124
106
130
103
125
68
254
207
12
128
216
107
222
184
37
241
157
80
132
240
140
232
129
189
16
116
42
188
152
121
28
190
236
79
158
179
125
52
2
245
175
112
141
222
117
75
144
234
35
65
0
1
0
0
0
252
247
40
0
13
0
0
0
142
135
69
0
192
22
121
0
72
1
0
0
P
149
10
106
252
185
184
153
33
7
42
40
130
144
114
167
191
188
246
116
232
178
225
233
36
151
72
243
202
55
123
203
145
31
6
102
0
210
103
121
170
147
126
40
146
114
186
161
140
17
137
76
10
95
134
213
68
179
100
112
112
236
134
184
231
254
165
158
25
51
228
65
0
1
0
0
0
252
247
40
0
13
0
0
0
142
135
69
0
192
22
121
0
71
1
0
0
P
141
148
63
43
95
248
235
93
208
237
129
218
215
56
243
181
45
153
135
215
38
8
163
98
52
15
85
99
54
32
222
7
148
141
100
94
223
131
131
232
223
175
113
131
192
244
242
210
108
206
193
238
31
202
45
193
72
187
18
119
99
135
251
103
176
189
129
214
155
71
65
0
1
0
0
0
252
247
40
0
13
0
0
0
142
135
69
0
192
22
121
0
74
1
0
0
P
128
118
99
247
28
253
74
178
110
0
66
6
26
10
21
10
171
162
212
78
122
137
59
247
197
166
103
241
72
154
56
150
60
143
107
178
116
50
74
73
16
237
247
114
110
220
190
212
225
131
223
241
75
71
203
87
158
57
205
112
120
32
123
4
192
228
254
19
9
191
65
0
1
0
0
0
252
247
40
0
13
0
0
0
142
135
69
0
192
22
121
0
71
1
0
0
P
149
10
106
252
185
184
153
33
7
42
40
130
144
114
167
191
188
246
116
232
178
225
233
36
151
72
243
202
55
123
203
145
31
6
102
0
210
103
121
170
147
126
40
146
114
186
161
140
17
137
76
10
95
134
213
68
179
125
52
2
245
175
112
141
222
117
75
144
234
35
65
0
1
0
0
0
252
247
40
0
13
0
0
0
142
135
69
0
192
22
121
0
65
1
0
0
P
215
235
117
57
1
13
165
174
195
71
63
35
82
172
78
232
46
33
41
171
102
119
169
180
110
169
14
131
217
142
103
212
211
180
165
89
26
58
16
142
114
212
196
23
181
229
144
136
6
187
175
105
70
237
83
127
213
111
122
21
232
60
110
198
90
206
127
34
61
179
65
0
1
0
0
0
252
247
40
0
13
0
0
0
142
135
69
0
192
22
121
0
71
1
0
0
P
205
191
61
114
18
202
151
81
132
206
102
15
164
222
122
209
248
183
107
179
86
187
36
108
229
179
193
6
163
163
29
148
194
97
13
55
57
217
58
108
81
146
156
120
11
98
102
225
55
243
132
73
120
135
123
35
178
1
185
14
131
62
176
91
83
72
74
245
24
204
65
0
1
0
0
0
252
247
40
0
13
0
0
0
142
135
69
0
192
22
121
0
69
1
0
0
P
157
40
24
213
248
50
210
34
149
113
217
145
46
23
208
94
235
185
231
95
87
237
29
153
27
63
238
125
103
93
212
74
86
51
148
215
151
190
201
214
76
207
51
63
195
154
144
116
21
57
52
239
76
249
21
89
147
54
109
240
145
249
202
58
249
177
149
52
242
63
65
0
1
0
0
0
252
247
40
0
13
0
0
0
142
135
69
0
192
22
121
0
67
1
0
0
P
149
10
106
252
185
184
153
33
7
42
40
130
144
114
167
191
188
246
116
232
178
225
233
36
151
72
243
202
55
123
203
145
31
6
102
0
210
103
121
170
147
126
40
146
114
186
161
140
17
137
76
10
95
134
213
68
179
125
52
2
245
175
112
141
222
117
75
144
234
35
65
0
1
0
0
0
252
247
40
0
13
0
0
0
142
135
69
0
192
22
121
0
67
1
0
0
P
219
14
143
198
153
239
36
192
218
162
148
140
119
208
17
214
121
204
9
73
172
57
203
150
232
239
102
24
219
250
55
108
56
219
58
225
1
237
230
183
107
154
43
223
4
178
108
239
146
155
7
90
227
57
181
144
126
35
233
72
104
163
238
221
121
16
234
52
235
236
65
0
1
0
0
0
252
247
40
0
13
0
0
0
142
135
69
0
192
22
121
0
71
1
0
0
P
159
95
19
93
211
31
232
37
151
38
238
32
125
19
124
228
155
63
247
173
207
59
241
72
234
161
57
179
111
167
177
228
216
21
15
237
168
119
184
159
27
73
114
217
202
220
164
142
169
60
198
70
138
99
79
35
170
234
59
37
120
19
245
53
244
86
67
187
9
214
65
0
1
0
0
0
252
247
40
0
13
0
0
0
142
135
69
0
192
22
121
0
72
1
0
0
P
225
26
204
177
166
86
222
111
201
65
239
92
213
131
110
64
129
254
213
2
85
54
9
102
110
209
226
57
24
23
202
92
182
12
225
125
164
155
48
133
142
225
191
235
109
6
163
146
26
204
97
77
55
49
151
178
212
70
132
106
144
45
170
140
153
201
181
58
88
168
65
0
1
0
0
0
252
247
40
0
13
0
0
0
142
135
69
0
192
22
121
0
67
1
0
0
P
105
129
58
164
40
151
200
40
32
238
54
254
87
211
186
231
25
6
242
58
16
185
98
182
221
32
5
28
109
183
74
132
114
48
145
74
188
45
236
129
106
143
210
192
21
48
126
65
130
40
38
28
126
147
199
39
84
101
177
176
167
67
143
169
142
248
21
115
46
117
65
0
1
0
0
0
252
247
40
0
13
0
0
0
142
135
69
0
192
22
121
0
68
1
0
0
P
128
118
99
247
28
253
74
178
110
0
66
6
26
10
21
10
171
162
212
78
122
137
59
247
197
166
103
241
72
154
56
150
60
143
107
178
116
50
74
73
16
237
247
114
110
220
190
212
225
131
223
241
75
71
203
87
158
57
205
112
120
32
123
4
192
228
254
19
9
191
65
0
1
0
0
0
252
247
40
0
13
0
0
0
142
135
69
0
192
22
121
0
65
1
0
0
P
157
40
24
213
248
50
210
34
149
113
217
145
46
23
208
94
235
185
231
95
87
237
29
153
27
63
238
125
103
93
212
74
86
51
148
215
151
190
201
214
76
207
51
63
195
154
144
116
21
57
52
239
76
249
21
89
158
57
205
112
120
32
123
4
192
228
254
19
9
191
65
0
1
0
0
0
252
247
40
0
13
0
0
0
142
135
69
0
192
22
121
0
65
1
0
0
P
128
118
99
247
28
253
74
178
110
0
66
6
26
10
21
10
171
162
212
78
122
137
59
247
197
166
103
241
72
154
56
150
60
143
107
178
116
50
74
73
16
237
247
114
110
220
190
212
225
131
223
241
75
71
203
87
158
54
109
240
145
249
202
58
249
177
149
52
242
63
65
0
1
0
0
0
252
247
40
0
13
0
0
0
142
135
69
0
192
22
121
0
64
1
0
0
P
225
26
204
177
166
86
222
111
201
65
239
92
213
131
110
64
129
254
213
2
85
54
9
102
110
209
226
57
24
23
202
92
182
12
225
125
164
155
48
133
142
225
191
235
109
6
163
146
26
204
97
77
55
49
151
178
212
70
132
106
144
45
170
140
153
201
181
58
88
168
65
0
1
0
0
0
252
247
40
0
13
0
0
0
142
135
69
0
192
22
121
0
68
1
0
0
P
74
5
175
112
68
66
95
108
222
43
206
61
70
63
31
204
142
16
3
30
163
53
100
36
223
218
196
112
116
86
36
218
37
78
0
70
117
118
199
152
83
100
83
167
223
131
179
158
218
44
231
149
208
85
98
248
24
3
78
98
187
200
16
3
210
150
243
90
244
168
65
0
1
0
0
0
252
247
40
0
13
0
0
0
142
135
69
0
192
22
121
0
68
1
0
0
P
159
95
19
93
211
31
232
37
151
38
238
32
125
19
124
228
155
63
247
173
207
59
241
72
234
161
57
179
111
167
177
228
216
21
15
237
168
119
184
159
27
73
114
217
202
220
164
142
169
60
198
70
138
99
79
35
170
234
59
37
120
19
245
53
244
86
67
187
9
214
65
0
1
0
0
0
252
247
40
0
13
0
0
0
142
135
69
0
192
22
121
0
58
1
0
0
P
34
170
244
91
77
228
250
101
2
169
73
187
245
70
126
174
229
170
8
106
36
157
38
194
67
127
32
223
155
150
253
212
150
241
234
227
124
87
119
234
52
88
110
73
32
247
249
60
164
248
51
115
116
208
123
103
151
63
32
49
251
151
170
236
218
189
112
99
207
77
65
0
1
0
0
0
252
247
40
0
13
0
0
0
142
135
69
0
192
22
121
0
67
1
0
0
P
128
118
99
247
28
253
74
178
110
0
66
6
26
10
21
10
171
162
212
78
122
137
59
247
197
166
103
241
72
154
56
150
60
143
107
178
116
50
74
73
16
237
247
114
110
220
190
212
225
131
223
241
75
71
203
87
158
57
205
112
120
32
123
4
249
177
149
52
242
63
65
0
1
0
0
0
252
247
40
0
13
0
0
0
142
135
69
0
192
22
121
0
71
1
0
0
P
157
40
24
213
248
50
210
34
149
113
217
145
46
23
208
94
235
185
231
95
87
237
29
153
27
63
238
125
103
93
212
74
86
51
148
215
151
190
201
214
76
207
51
63
195
154
144
116
21
57
52
239
76
249
21
89
147
54
109
240
145
249
202
58
249
228
254
19
9
191
65
0
1
0
0
0
252
247
40
0
13
0
0
0
142
135
69
0
192
22
121
0
66
1
0
0
P
169
19
158
252
29
138
12
94
20
40
91
234
14
138
145
190
139
22
26
7
241
140
22
103
119
156
192
32
71
202
61
119
203
224
216
51
211
193
44
158
152
66
142
228
181
116
208
193
171
126
191
203
10
111
63
100
59
164
39
3
167
175
26
237
164
92
134
25
96
68
65
0
1
0
0
0
252
247
40
0
13
0
0
0
142
135
69
0
192
22
121
0
66
1
0
0
P
219
14
143
198
153
239
36
192
218
162
148
140
119
208
17
214
121
204
9
73
172
57
203
150
232
239
102
24
219
250
55
108
56
219
58
225
1
237
230
183
107
154
43
223
4
178
108
239
146
155
7
90
227
57
181
144
126
35
233
72
104
163
238
221
121
16
234
52
235
236
65
0
1
0
0
0
252
247
40
0
13
0
0
0
142
135
69
0
192
22
121
0
66
1
0
0
P
62
235
13
156
245
244
165
96
152
15
133
45
127
39
163
40
105
200
92
139
244
229
154
129
167
38
144
66
35
4
224
116
16
243
184
34
212
240
70
49
52
142
8
187
99
119
92
50
154
8
91
39
97
201
208
172
232
31
100
157
209
217
216
78
39
128
212
97
235
140
65
0
1
0
0
0
252
247
40
0
13
0
0
0
142
135
69
0
192
22
121
0
72
1
0
0
P
74
5
175
112
68
66
95
108
222
43
206
61
70
63
31
204
142
16
3
30
163
53
100
36
223
218
196
112
116
86
36
218
37
78
0
70
117
118
199
152
83
100
83
167
223
131
179
158
218
44
231
149
208
85
98
248
24
3
78
98
187
200
16
3
210
150
243
90
244
168
65
0
1
0
0
0
252
247
40
0
13
0
0
0
142
135
69
0
192
22
121
0
64
1
0
0
P
157
40
24
213
248
50
210
34
149
113
217
145
46
23
208
94
235
185
231
95
87
237
29
153
27
63
238
125
103
93
212
74
86
51
148
215
151
190
201
214
76
207
51
63
195
154
144
116
21
57
52
239
76
249
21
89
147
54
109
240
145
249
202
58
90
206
127
34
61
179
65
0
1
0
0
0
252
247
40
0
13
0
0
0
142
135
69
0
192
22
121
0
58
1
0
0
P
215
235
117
57
1
13
165
174
195
71
63
35
82
172
78
232
46
33
41
171
102
119
169
180
110
169
14
131
217
142
103
212
211
180
165
89
26
58
16
142
114
212
196
23
181
229
144
136
6
187
175
105
70
237
83
127
221
111
122
21
232
60
110
198
90
177
149
52
242
63
65
0
1
0
0
0
252
247
40
0
13
0
0
0
142
135
69
0
192
22
121
0
66
1
0
0
P
219
14
143
198
153
239
36
192
218
162
148
140
119
208
17
214
121
204
9
73
172
57
203
150
232
239
102
24
219
250
55
108
56
219
58
225
1
237
230
183
107
154
43
223
4
178
108
239
146
155
7
90
227
57
181
144
126
35
233
72
104
163
238
221
121
16
234
52
235
236
65
0
1
0
0
0
252
247
40
0
13
0
0
0
142
135
69
0
192
22
121
0
69
1
0
0
P
205
191
61
114
18
202
151
81
132
206
102
15
164
222
122
209
248
183
107
179
86
187
36
108
229
179
193
6
163
163
29
148
194
97
13
55
57
217
58
108
81
146
156
120
11
98
102
225
55
243
132
73
120
135
123
35
178
1
185
14
131
62
176
91
83
72
74
245
24
204
65
0
1
0
0
0
252
247
40
0
13
0
0
0
142
135
69
0
192
22
121
0
72
1
0
0
P
219
14
143
198
153
239
36
192
218
162
148
140
119
208
17
214
121
204
9
73
172
57
203
150
232
239
102
24
219
250
55
108
56
219
58
225
1
237
230
183
107
154
43
223
4
178
108
239
146
155
7
90
227
57
181
144
126
35
233
72
104
163
238
221
121
16
234
52
235
236
65
0
1
0
0
0
252
247
40
0
13
0
0
0
142
135
69
0
192
22
121
0
67
1
0
0
P
82
52
45
56
136
254
111
201
125
144
183
152
89
120
122
140
186
169
64
45
131
213
37
83
209
90
28
66
78
178
51
39
186
0
114
188
12
40
53
43
235
136
251
208
104
76
28
2
56
219
92
13
209
251
205
245
192
142
254
53
113
251
209
129
45
227
142
227
45
97
65
0
1
0
0
0
252
247
40
0
13
0
0
0
142
135
69
0
192
22
121
0
72
1
0
0
P
128
118
99
247
28
253
74
178
110
0
66
6
26
10
21
10
171
162
212
78
122
137
59
247
197
166
103
241
72
154
56
150
60
143
107
178
116
50
74
73
16
237
247
114
110
220
190
212
225
131
223
241
75
71
203
87
158
57
205
112
120
32
123
4
192
228
254
19
9
191
65
0
1
0
0
0
252
247
40
0
13
0
0
0
142
135
69
0
192
22
121
0
64
1
0
0
P
82
52
45
56
136
254
111
201
125
144
183
152
89
120
122
140
186
169
64
45
131
213
37
83
209
90
28
66
78
178
51
39
186
0
114
188
12
40
53
43
235
136
251
208
104
76
28
2
56
219
92
13
209
251
205
245
192
142
254
53
113
251
209
129
109
227
142
227
45
97
65
0
1
0
0
0
252
247
40
0
13
0
0
0
142
135
69
0
192
22
121
0
65
1
0
0
P
128
118
99
247
28
253
74
178
110
0
66
6
26
10
21
10
171
162
212
78
122
137
59
247
197
166
103
241
72
154
56
150
60
143
107
178
116
50
74
73
16
237
247
114
110
220
190
212
225
131
223
241
75
71
203
87
188
161
121
90
60
13
245
34
185
248
237
84
93
39
65
0
1
0
0
0
252
247
40
0
13
0
0
0
142
135
69
0
192
22
121
0
65
1
0
0
P
223
96
175
1
111
226
95
122
133
101
186
50
22
199
38
69
51
216
108
101
88
56
182
192
192
44
23
174
107
85
129
37
215
97
52
183
14
169
127
36
136
215
103
57
32
110
254
136
232
245
20
68
76
143
246
168
188
57
205
112
120
32
123
4
192
228
254
19
9
191
65
0
1
0
0
0
252
247
40
0
13
0
0
0
142
135
69
0
192
22
121
0
65
1
0
0
P
141
148
63
43
95
248
235
93
208
237
129
218
215
56
243
181
45
153
135
215
38
8
163
98
52
15
85
99
54
32
222
7
148
141
100
94
223
131
131
232
223
175
113
131
192
244
242
210
108
206
193
238
31
202
45
193
72
187
18
119
99
135
251
103
176
189
129
214
155
71
65
0
1
0
0
0
252
247
40
0
13
0
0
0
142
135
69
0
192
22
121
0
65
1
0
0
P
169
19
158
252
29
138
12
94
20
40
91
234
14
138
145
190
139
22
26
7
241
140
22
103
119
156
192
32
71
202
61
119
203
224
216
51
211
193
44
158
152
66
142
228
181
116
208
193
171
126
191
203
10
111
63
100
59
164
39
3
167
175
26
237
164
92
134
25
96
68
65
0
1
0
0
0
252
247
40
0
13
0
0
0
142
135
69
0
192
22
121
0
71
1
0
0
P
64
151
50
124
21
212
241
221
1
5
16
207
200
114
38
91
110
243
98
41
195
124
106
130
103
125
68
254
207
12
128
216
107
222
184
37
241
157
80
132
240
140
232
129
189
16
116
42
188
152
121
28
190
236
79
158
85
100
112
112
236
134
184
231
254
165
158
25
51
228
65
0
1
0
0
0
252
247
40
0
13
0
0
0
142
135
69
0
192
22
121
0
66
1
0
0
P
205
191
61
114
18
202
151
81
132
206
102
15
164
222
122
209
248
183
107
179
86
187
36
108
229
179
193
6
163
163
29
148
194
97
13
55
57
217
58
108
81
146
156
120
11
98
102
225
55
243
132
73
120
135
123
35
178
1
185
14
131
62
176
91
211
72
74
245
24
204
65
0
1
0
0
0
252
247
40
0
13
0
0
0
142
135
69
0
192
22
121
0
73
1
0
0
T
149
10
106
252
185
184
153
33
7
42
40
130
144
114
167
191
188
246
116
232
178
225
233
36
151
72
243
202
55
123
203
145
31
6
102
0
210
103
121
170
147
126
40
146
114
186
161
140
17
137
76
10
95
134
213
68
179
125
52
2
245
175
112
141
222
117
75
144
234
35
65
0
1
0
0
0
252
247
40
0
13
0
0
0
142
135
69
0
192
22
121
0
68
1
0
0
T
243
202
117
192
180
94
131
220
39
250
126
116
100
121
55
185
156
165
226
0
69
23
41
94
64
247
68
17
63
60
20
42
206
70
31
195
61
249
240
203
220
219
212
26
64
154
70
227
252
37
187
198
143
189
252
244
108
160
66
69
228
170
76
38
79
162
34
65
58
129
65
0
1
0
0
0
252
247
40
0
13
0
0
0
142
135
69
0
192
22
121
0
71
1
0
0
T
157
40
24
213
248
50
210
34
149
113
217
145
46
23
208
94
235
185
231
95
87
237
29
153
27
63
238
125
103
93
212
74
86
51
148
215
151
190
201
214
76
207
51
63
195
154
144
116
21
57
52
239
76
249
21
89
147
54
109
240
145
249
202
58
249
177
149
52
242
63
65
0
1
0
0
0
252
247
40
0
13
0
0
0
142
135
69
0
192
22
121
0
65
1
0
0
T
169
19
158
252
29
138
12
94
20
40
91
234
14
138
145
190
139
22
26
7
241
140
22
103
119
156
192
32
71
202
61
119
203
224
216
51
211
193
44
158
152
66
142
228
181
116
208
193
171
126
191
203
10
111
63
100
59
164
39
3
167
175
26
237
164
92
134
25
96
68
65
0
1
0
0
0
252
247
40
0
13
0
0
0
142
135
69
0
192
22
121
0
67
1
0
0
T
195
50
34
100
233
158
100
253
105
103
78
216
10
4
33
200
55
216
45
75
123
103
166
65
114
233
126
199
71
163
116
187
182
145
21
165
224
103
219
26
62
237
158
67
125
178
146
47
70
169
245
12
119
160
198
236
124
175
128
207
197
5
77
102
123
176
166
240
131
217
65
0
1
0
0
0
252
247
40
0
13
0
0
0
142
135
69
0
192
22
121
0
66
1
0
0
