P
224
212
23
16
230
212
58
157
31
56
115
72
227
177
160
212
9
62
24
27
182
57
17
130
200
98
56
99
105
218
227
67
65
145
26
194
108
74
104
7
65
139
80
154
38
242
245
57
186
61
150
134
176
65
179
37
5
230
48
251
P
224
212
23
16
230
212
58
157
31
56
115
72
227
177
160
212
9
62
24
27
182
57
17
130
200
98
56
99
105
218
227
67
65
145
26
194
44
74
104
7
65
139
80
154
38
242
245
57
186
61
150
134
176
65
179
37
5
230
48
251
P
231
212
23
16
230
212
58
157
31
56
115
72
227
177
160
212
9
62
24
27
182
57
17
130
132
98
56
99
105
218
227
67
65
145
26
194
104
74
104
7
65
139
80
154
38
242
245
57
216
61
150
134
176
65
179
37
5
230
48
251
P
231
212
23
16
230
212
58
157
31
56
115
72
170
177
160
212
9
62
24
27
182
57
17
130
9
98
56
99
105
218
227
67
65
145
26
194
108
74
104
7
65
139
80
154
38
242
245
57
47
115
151
130
109
220
169
58
146
225
71
57
P
231
212
23
16
230
212
58
157
31
56
115
72
227
177
160
212
9
62
24
27
182
57
17
130
73
243
36
247
243
235
142
90
36
183
141
100
72
74
104
7
65
139
80
154
38
242
245
57
45
115
151
130
109
220
169
58
146
225
71
57
P
231
212
23
16
230
212
58
157
31
56
115
72
227
177
160
212
9
62
24
27
182
57
17
130
72
98
56
99
105
218
227
67
65
145
26
194
108
74
104
7
65
139
80
154
38
242
245
57
189
115
151
130
109
220
169
58
146
225
71
57
P
231
212
23
16
230
212
58
157
31
56
115
72
163
177
160
212
9
62
24
27
182
57
17
130
132
243
36
247
243
235
142
90
36
183
141
100
251
74
104
7
65
139
80
154
38
242
245
57
214
61
150
134
176
65
179
37
5
230
48
251
P
231
212
23
16
230
212
58
157
31
56
115
72
227
177
160
212
9
62
24
27
182
57
17
130
64
98
56
99
105
218
227
67
65
145
26
194
108
74
104
7
65
139
80
154
38
242
245
57
214
61
150
134
176
65
179
37
5
230
48
251
P
247
212
23
16
230
212
58
157
31
56
115
72
227
177
160
212
9
62
24
27
182
57
17
130
72
98
56
99
105
218
227
67
65
145
26
194
108
74
104
7
65
139
80
154
38
242
245
57
189
115
151
130
109
220
169
58
146
225
71
57
P
237
212
23
16
230
212
58
157
31
56
115
72
231
177
160
212
9
62
24
27
182
57
17
130
4
98
56
99
105
218
227
67
65
145
26
194
68
74
104
7
65
139
80
154
38
242
245
57
191
61
150
134
176
65
179
37
5
230
48
251
P
231
212
23
16
230
212
58
157
31
56
115
72
227
177
160
212
9
62
24
27
182
57
17
130
64
98
56
99
105
218
227
67
65
145
26
194
108
74
104
7
65
139
80
154
38
242
245
57
214
61
150
134
176
65
179
37
5
230
48
251
P
231
212
23
16
230
212
58
157
31
56
115
72
227
177
160
212
9
62
24
27
182
57
17
130
105
243
36
247
243
235
142
90
36
183
141
100
251
74
104
7
65
139
80
154
38
242
245
57
191
61
150
134
176
65
179
37
5
230
48
251
P
167
212
23
16
230
212
58
157
31
56
115
72
165
177
160
212
9
62
24
27
182
57
17
130
9
243
36
247
243
235
142
90
36
183
141
100
76
74
104
7
65
139
80
154
38
242
245
57
237
115
151
130
109
220
169
58
146
225
71
57
P
231
212
23
16
230
212
58
157
31
56
115
72
167
177
160
212
9
62
24
27
182
57
17
130
169
243
36
247
243
235
142
90
36
183
141
100
76
74
104
7
65
139
80
154
38
242
245
57
45
115
151
130
109
220
169
58
146
225
71
57
P
225
212
23
16
230
212
58
157
31
56
115
72
163
177
160
212
9
62
24
27
182
57
17
130
229
243
36
247
243
235
142
90
36
183
141
100
76
74
104
7
65
139
80
154
38
242
245
57
45
115
151
130
109
220
169
58
146
225
71
57
P
231
212
23
16
230
212
58
157
31
56
115
72
163
177
160
212
9
62
24
27
182
57
17
130
229
243
36
247
243
235
142
90
36
183
141
100
243
74
104
7
65
139
80
154
38
242
245
57
189
115
151
130
109
220
169
58
146
225
71
57
P
229
212
23
16
230
212
58
157
31
56
115
72
163
177
160
212
9
62
24
27
182
57
17
130
72
243
36
247
243
235
142
90
36
183
141
100
211
74
104
7
65
139
80
154
38
242
245
57
191
61
150
134
176
65
179
37
5
230
48
251
P
231
212
23
16
230
212
58
157
31
56
115
72
131
177
160
212
9
62
24
27
182
57
17
130
105
243
36
247
243
235
142
90
36
183
141
100
251
74
104
7
65
139
80
154
38
242
245
57
191
61
150
134
176
65
179
37
5
230
48
251
P
226
212
23
16
230
212
58
157
31
56
115
72
168
177
160
212
9
62
24
27
182
57
17
130
9
98
56
99
105
218
227
67
65
145
26
194
108
74
104
7
65
139
80
154
38
242
245
57
133
115
151
130
109
220
169
58
146
225
71
57
P
224
212
23
16
230
212
58
157
31
56
115
72
101
177
160
212
9
62
24
27
182
57
17
130
9
98
56
99
105
218
227
67
65
145
26
194
104
74
104
7
65
139
80
154
38
242
245
57
212
115
151
130
109
220
169
58
146
225
71
57
P
227
212
23
16
230
212
58
157
31
56
115
72
227
177
160
212
9
62
24
27
182
57
17
130
4
243
36
247
243
235
142
90
36
183
141
100
211
74
104
7
65
139
80
154
38
242
245
57
237
115
151
130
109
220
169
58
146
225
71
57
P
234
212
23
16
230
212
58
157
31
56
115
72
35
177
160
212
9
62
24
27
182
57
17
130
8
243
36
247
243
235
142
90
36
183
141
100
211
74
104
7
65
139
80
154
38
242
245
57
185
115
151
130
109
220
169
58
146
225
71
57
P
231
212
23
16
230
212
58
157
31
56
115
72
39
177
160
212
9
62
24
27
182
57
17
130
172
243
36
247
243
235
142
90
36
183
141
100
210
74
104
7
65
139
80
154
38
242
245
57
133
61
150
134
176
65
179
37
5
230
48
251
P
231
212
23
16
230
212
58
157
31
56
115
72
167
177
160
212
9
62
24
27
182
57
17
130
172
98
56
99
105
218
227
67
65
145
26
194
68
74
104
7
65
139
80
154
38
242
245
57
189
61
150
134
176
65
179
37
5
230
48
251
P
237
212
23
16
230
212
58
157
31
56
115
72
227
177
160
212
9
62
24
27
182
57
17
130
72
98
56
99
105
218
227
67
65
145
26
194
108
74
104
7
65
139
80
154
38
242
245
57
181
115
151
130
109
220
169
58
146
225
71
57
P
237
212
23
16
230
212
58
157
31
56
115
72
99
177
160
212
9
62
24
27
182
57
17
130
177
243
36
247
243
235
142
90
36
183
141
100
76
74
104
7
65
139
80
154
38
242
245
57
133
61
150
134
176
65
179
37
5
230
48
251
P
224
212
23
16
230
212
58
157
31
56
115
72
168
177
160
212
9
62
24
27
182
57
17
130
9
98
56
99
105
218
227
67
65
145
26
194
236
74
104
7
65
139
80
154
38
242
245
57
156
61
150
134
176
65
179
37
5
230
48
251
P
231
212
23
16
230
212
58
157
31
56
115
72
163
177
160
212
9
62
24
27
182
57
17
130
9
98
56
99
105
218
227
67
65
145
26
194
8
74
104
7
65
139
80
154
38
242
245
57
28
115
151
130
109
220
169
58
146
225
71
57
P
229
212
23
16
230
212
58
157
31
56
115
72
163
177
160
212
9
62
24
27
182
57
17
130
4
243
36
247
243
235
142
90
36
183
141
100
243
74
104
7
65
139
80
154
38
242
245
57
185
115
151
130
109
220
169
58
146
225
71
57
P
231
212
23
16
230
212
58
157
31
56
115
72
227
177
160
212
9
62
24
27
182
57
17
130
4
243
36
247
243
235
142
90
36
183
141
100
243
74
104
7
65
139
80
154
38
242
245
57
189
115
151
130
109
220
169
58
146
225
71
57
P
231
212
23
16
230
212
58
157
31
56
115
72
163
177
160
212
9
62
24
27
182
57
17
130
229
243
36
247
243
235
142
90
36
183
141
100
76
74
104
7
65
139
80
154
38
242
245
57
45
115
151
130
109
220
169
58
146
225
71
57
P
231
212
23
16
230
212
58
157
31
56
115
72
227
177
160
212
9
62
24
27
182
57
17
130
132
98
56
99
105
218
227
67
65
145
26
194
104
74
104
7
65
139
80
154
38
242
245
57
152
61
150
134
176
65
179
37
5
230
48
251
P
231
212
23
16
230
212
58
157
31
56
115
72
227
177
160
212
9
62
24
27
182
57
17
130
132
98
56
99
105
218
227
67
65
145
26
194
108
74
104
7
65
139
80
154
38
242
245
57
186
61
150
134
176
65
179
37
5
230
48
251
P
225
212
23
16
230
212
58
157
31
56
115
72
3
177
160
212
9
62
24
27
182
57
17
130
164
243
36
247
243
235
142
90
36
183
141
100
108
74
104
7
65
139
80
154
38
242
245
57
216
61
150
134
176
65
179
37
5
230
48
251
P
231
212
23
16
230
212
58
157
31
56
115
72
39
177
160
212
9
62
24
27
182
57
17
130
4
98
56
99
105
218
227
67
65
145
26
194
68
74
104
7
65
139
80
154
38
242
245
57
109
61
150
134
176
65
179
37
5
230
48
251
P
229
212
23
16
230
212
58
157
31
56
115
72
109
177
160
212
9
62
24
27
182
57
17
130
28
98
56
99
105
218
227
67
65
145
26
194
108
74
104
7
65
139
80
154
38
242
245
57
45
61
150
134
176
65
179
37
5
230
48
251
P
229
212
23
16
230
212
58
157
31
56
115
72
163
177
160
212
9
62
24
27
182
57
17
130
4
243
36
247
243
235
142
90
36
183
141
100
243
74
104
7
65
139
80
154
38
242
245
57
189
115
151
130
109
220
169
58
146
225
71
57
P
165
212
23
16
230
212
58
157
31
56
115
72
163
177
160
212
9
62
24
27
182
57
17
130
229
243
36
247
243
235
142
90
36
183
141
100
76
74
104
7
65
139
80
154
38
242
245
57
45
115
151
130
109
220
169
58
146
225
71
57
P
231
212
23
16
230
212
58
157
31
56
115
72
162
177
160
212
9
62
24
27
182
57
17
130
73
243
36
247
243
235
142
90
36
183
141
100
76
74
104
7
65
139
80
154
38
242
245
57
45
115
151
130
109
220
169
58
146
225
71
57
P
229
212
23
16
230
212
58
157
31
56
115
72
131
177
160
212
9
62
24
27
182
57
17
130
132
243
36
247
243
235
142
90
36
183
141
100
251
74
104
7
65
139
80
154
38
242
245
57
133
61
150
134
176
65
179
37
5
230
48
251
P
231
212
23
16
230
212
58
157
31
56
115
72
163
177
160
212
9
62
24
27
182
57
17
130
229
243
36
247
243
235
142
90
36
183
141
100
76
74
104
7
65
139
80
154
38
242
245
57
133
61
150
134
176
65
179
37
5
230
48
251
P
226
212
23
16
230
212
58
157
31
56
115
72
227
177
160
212
9
62
24
27
182
57
17
130
67
243
36
247
243
235
142
90
36
183
141
100
243
74
104
7
65
139
80
154
38
242
245
57
133
115
151
130
109
220
169
58
146
225
71
57
P
224
212
23
16
230
212
58
157
31
56
115
72
168
177
160
212
9
62
24
27
182
57
17
130
9
98
56
99
105
218
227
67
65
145
26
194
243
74
104
7
65
139
80
154
38
242
245
57
189
115
151
130
109
220
169
58
146
225
71
57
P
239
212
23
16
230
212
58
157
31
56
115
72
35
177
160
212
9
62
24
27
182
57
17
130
164
243
36
247
243
235
142
90
36
183
141
100
243
74
104
7
65
139
80
154
38
242
245
57
133
115
151
130
109
220
169
58
146
225
71
57
P
227
212
23
16
230
212
58
157
31
56
115
72
165
177
160
212
9
62
24
27
182
57
17
130
9
243
36
247
243
235
142
90
36
183
141
100
108
74
104
7
65
139
80
154
38
242
245
57
45
115
151
130
109
220
169
58
146
225
71
57
P
231
212
23
16
230
212
58
157
31
56
115
72
35
177
160
212
9
62
24
27
182
57
17
130
164
243
36
247
243
235
142
90
36
183
141
100
243
74
104
7
65
139
80
154
38
242
245
57
189
115
151
130
109
220
169
58
146
225
71
57
P
237
212
23
16
230
212
58
157
31
56
115
72
170
177
160
212
9
62
24
27
182
57
17
130
9
98
56
99
105
218
227
67
65
145
26
194
108
74
104
7
65
139
80
154
38
242
245
57
133
61
150
134
176
65
179
37
5
230
48
251
P
224
212
23
16
230
212
58
157
31
56
115
72
170
177
160
212
9
62
24
27
182
57
17
130
9
98
56
99
105
218
227
67
65
145
26
194
108
74
104
7
65
139
80
154
38
242
245
57
47
115
151
130
109
220
169
58
146
225
71
57
P
229
212
23
16
230
212
58
157
31
56
115
72
163
177
160
212
9
62
24
27
182
57
17
130
9
98
56
99
105
218
227
67
65
145
26
194
108
74
104
7
65
139
80
154
38
242
245
57
45
115
151
130
109
220
169
58
146
225
71
57
P
231
212
23
16
230
212
58
157
31
56
115
72
165
177
160
212
9
62
24
27
182
57
17
130
9
243
36
247
243
235
142
90
36
183
141
100
108
74
104
7
65
139
80
154
38
242
245
57
220
115
151
130
109
220
169
58
146
225
71
57
T
237
212
23
16
230
212
58
157
31
56
115
72
227
177
160
212
9
62
24
27
182
57
17
130
132
243
36
247
243
235
142
90
36
183
141
100
243
74
104
7
65
139
80
154
38
242
245
57
185
115
151
130
109
220
169
58
146
225
71
57
T
224
212
23
16
230
212
58
157
31
56
115
72
168
177
160
212
9
62
24
27
182
57
17
130
9
98
56
99
105
218
227
67
65
145
26
194
108
74
104
7
65
139
80
154
38
242
245
57
133
115
151
130
109
220
169
58
146
225
71
57
T
239
212
23
16
230
212
58
157
31
56
115
72
227
177
160
212
9
62
24
27
182
57
17
130
4
98
56
99
105
218
227
67
65
145
26
194
68
74
104
7
65
139
80
154
38
242
245
57
191
61
150
134
176
65
179
37
5
230
48
251
T
224
212
23
16
230
212
58
157
31
56
115
72
227
177
160
212
9
62
24
27
182
57
17
130
200
98
56
99
105
218
227
67
65
145
26
194
108
74
104
7
65
139
80
154
38
242
245
57
186
61
150
134
176
65
179
37
5
230
48
251
T
237
212
23
16
230
212
58
157
31
56
115
72
227
177
160
212
9
62
24
27
182
57
17
130
72
98
56
99
105
218
227
67
65
145
26
194
108
74
104
7
65
139
80
154
38
242
245
57
189
115
151
130
109
220
169
58
146
225
71
57
